#         t          x          y          z         vx         vy         vz
      0.000     98.562    119.990    127.765     28.410   -173.920    -93.220
      0.100    101.016    102.167    117.964     20.661   -182.545   -102.796
      0.200    102.593     83.466    107.142     10.882   -191.462   -113.653
      0.300    103.055     63.872     95.158     -1.633   -200.428   -126.024
      0.400    102.080     43.404     81.851    -17.874   -208.921   -140.119
      0.500     99.227     22.165     67.045    -39.178   -215.860   -155.992
      0.600     93.912      0.416     50.587    -67.119   -219.127   -173.179
      0.700     85.420    -21.289     32.432   -102.735   -214.982   -189.919
      0.800     73.073    -41.960     12.829   -144.195   -198.436   -202.124
      0.900     56.671    -60.242     -7.486   -183.851   -167.199   -204.187
      1.000     36.916    -74.983    -27.373   -211.246   -127.615   -193.560
      1.100     15.175    -85.842    -45.847   -223.571    -89.562   -175.920
      1.200     -7.252    -93.227    -62.479   -224.961    -58.153   -156.705
      1.300    -29.513    -97.825    -77.251   -220.273    -33.791   -138.743
      1.400    -51.161   -100.273    -90.333   -212.691    -15.173   -122.894
      1.500    -71.993   -101.075   -101.936   -203.942     -0.870   -109.164
      1.600    -91.935   -100.606   -112.259   -194.896     10.259    -97.291
      1.700   -110.979    -99.141   -121.472   -185.975     19.041    -86.974
      1.800   -129.146    -96.885   -129.718   -177.369     26.067    -77.939
      1.900   -146.472    -93.994   -137.113   -169.155     31.756    -69.961
      2.000   -162.997    -90.586   -143.753   -161.352     36.410    -62.857
      2.100   -178.762    -86.753   -149.720   -153.950     40.250    -56.483
      2.200   -193.806    -82.568   -155.081   -146.928     43.441    -50.723
      2.300   -208.166    -78.091   -159.891   -140.258     46.107    -45.483
      2.400   -221.874    -73.368   -164.200   -133.911     48.343    -40.688
      2.500   -234.963    -68.440   -168.048   -127.859     50.221    -36.275
      2.600   -247.459    -63.339   -171.471   -122.076     51.801    -32.196
      2.700   -259.390    -58.092   -174.501   -116.537     53.128    -28.406
      2.800   -270.778    -52.724   -177.165   -111.221     54.239    -24.872
      2.900   -281.644    -47.254   -179.487   -106.108     55.165    -21.564
      3.000   -292.009    -41.699   -181.488   -101.180     55.929    -18.456
      3.100   -301.889    -36.075   -183.187    -96.420     56.552    -15.528
      3.200   -311.300    -30.395   -184.602    -91.815     57.051    -12.760
      3.300   -320.259    -24.670   -185.747    -87.351     57.441    -10.137
      3.400   -328.777    -18.912   -186.636    -83.016     57.732     -7.645
      3.500   -336.868    -13.128   -187.282    -78.800     57.935     -5.272
      3.600   -344.542     -7.329   -187.695    -74.693     58.058     -3.007
      3.700   -351.811     -1.520   -187.888    -70.685     58.109     -0.841
      3.800   -358.684      4.290   -187.868    -66.769     58.094      1.234
      3.900   -365.169     10.095   -187.645    -62.938     58.017      3.226
      4.000   -371.275     15.890   -187.227    -59.183     57.885      5.140
      4.100   -377.010     21.670   -186.621    -55.500     57.700      6.984
      4.200   -382.379     27.428   -185.833    -51.882     57.466      8.762
      4.300   -387.389     33.161   -184.871    -48.323     57.186     10.479
      4.400   -392.046     38.863   -183.740    -44.820     56.862     12.140
      4.500   -396.355     44.531   -182.446    -41.366     56.497     13.747
      4.600   -400.322     50.160   -180.993    -37.957     56.092     15.305
      4.700   -403.949     55.747   -179.387    -34.590     55.648     16.817
      4.800   -407.241     61.288   -177.632    -31.260     55.168     18.285
      4.900   -410.203     66.779   -175.732    -27.964     54.652     19.713
      5.000   -412.836     72.217   -173.691    -24.697     54.100     21.103
      5.100   -415.143     77.597   -171.513    -21.457     53.514     22.457
      5.200   -417.128     82.918   -169.202    -18.240     52.893     23.777
      5.300   -418.792     88.174   -166.760    -15.042     52.239     25.064
      5.400   -420.137     93.364   -164.190    -11.862     51.551     26.322
      5.500   -421.165     98.483   -161.497     -8.696     50.828     27.550
      5.600   -421.877    103.528   -158.682     -5.540     50.072     28.752
      5.700   -422.274    108.495   -155.748     -2.392     49.282     29.927
      5.800   -422.356    113.382   -152.698      0.750     48.456     31.077
      5.900   -422.124    118.185   -149.534      3.891     47.595     32.204
      6.000   -421.578    122.900   -146.258      7.031     46.698     33.307
      6.100   -420.717    127.523   -142.873     10.176     45.763     34.389
      6.200   -419.542    132.050   -139.381     13.326     44.790     35.450
      6.300   -418.052    136.479   -135.784     16.486     43.777     36.491
      6.400   -416.245    140.803   -132.084     19.657     42.723     37.512
      6.500   -414.120    145.021   -128.283     22.844     41.626     38.514
      6.600   -411.675    149.126   -124.382     26.049     40.484     39.497
      6.700   -408.909    153.115   -120.384     29.274     39.296     40.463
      6.800   -405.819    156.983   -116.291     32.525     38.059     41.410
      6.900   -402.402    160.725   -112.103     35.803     36.770     42.339
      7.000   -398.657    164.334   -107.824     39.113     35.427     43.251
      7.100   -394.578    167.807   -103.454     42.457     34.027     44.145
      7.200   -390.163    171.137    -98.996     45.841     32.565     45.021
      7.300   -385.408    174.317    -94.451     49.267     31.039     45.878
      7.400   -380.307    177.341    -89.821     52.741     29.444     46.718
      7.500   -374.857    180.202    -85.108     56.267     27.775     47.538
      7.600   -369.051    182.892    -80.314     59.849     26.026     48.338
      7.700   -362.884    185.403    -75.441     63.494     24.192     49.117
      7.800   -356.349    187.726    -70.492     67.206     22.266     49.874
      7.900   -349.439    189.851    -65.468     70.992     20.241     50.608
      8.000   -342.147    191.769    -60.372     74.858     18.107     51.315
      8.100   -334.463    193.467    -55.206     78.812     15.856     51.995
      8.200   -326.380    194.933    -49.974     82.861     13.476     52.644
      8.300   -317.886    196.155    -44.679     87.014     10.955     53.259
      8.400   -308.971    197.117    -39.324     91.280      8.279     53.836
      8.500   -299.624    197.802    -33.914     95.669      5.431     54.370
      8.600   -289.831    198.193    -28.453    100.192      2.393     54.854
      8.700   -279.578    198.270    -22.946    104.861     -0.858     55.282
      8.800   -268.850    198.010    -17.399    109.690     -4.348     55.644
      8.900   -257.631    197.387    -11.821    114.694     -8.106     55.930
      9.000   -245.902    196.373     -6.218    119.889    -12.168     56.124
      9.100   -233.643    194.936     -0.601    125.293    -16.578     56.209
      9.200   -220.832    193.038      5.016    130.924    -21.385     56.146
      9.300   -207.446    190.636     10.620    136.804    -26.652     55.920
      9.400   -193.458    187.681     16.190    142.953    -32.455     55.496
      9.500   -178.840    184.114     21.706    149.393    -38.887     54.826
      9.600   -163.563    179.866     27.140    156.145    -46.064     53.845
      9.700   -147.595    174.856     32.456    163.224    -54.134     52.470
      9.800   -130.902    168.985     37.608    170.635    -63.284     50.582
      9.900   -113.452    162.133     42.538    178.362    -73.754     48.019
     10.000    -95.217    154.153     47.167    186.345    -85.855     44.551
     10.100    -76.177    144.861     51.387    194.445    -99.985     39.848
