#         t          x          y          z         vx         vy         vz
      0.000   -377.769    611.470   -284.598     73.019    -72.140     49.539
      0.071   -372.424    606.231   -281.089     74.906    -76.624     52.864
      0.142   -367.218    600.876   -277.493     73.474    -75.615     50.521
      0.214   -360.955    594.786   -273.706     70.522    -78.502     55.734
      0.285   -356.479    589.846   -270.415     71.384    -80.142     50.253
      0.357   -351.275    584.136   -266.958     71.853    -82.677     48.391
      0.428   -346.164    578.315   -263.616     68.753    -81.686     45.384
      0.500   -341.658    572.600   -260.520     68.574    -82.349     41.911
      0.571   -336.533    566.218   -256.782     65.064    -82.205     44.274
      0.642   -331.961    560.216   -253.511     63.818    -84.019     44.628
      0.714   -327.758    554.327   -250.352     57.479    -82.547     43.838
      0.785   -323.827    548.528   -247.263     52.425    -80.630     43.668
      0.857   -320.259    543.007   -244.385     46.861    -76.354     41.713
      0.928   -316.794    537.686   -241.540     45.480    -72.233     39.632
      1.000   -314.214    532.795   -238.249     45.724    -68.387     41.538
      1.071   -310.343    527.687   -235.124     42.266    -65.204     48.624
      1.142   -307.194    523.017   -231.547     45.337    -62.334     49.018
      1.214   -304.281    518.555   -227.627     47.553    -61.543     53.146
      1.285   -300.388    514.017   -223.913     47.626    -61.308     58.770
      1.357   -296.831    509.684   -219.786     52.394    -61.145     59.586
      1.428   -292.963    505.268   -215.524     54.797    -62.492     62.578
      1.500   -288.925    500.845   -211.064     59.103    -62.830     62.794
      1.571   -284.717    496.352   -206.496     60.426    -63.558     63.427
      1.642   -280.215    491.721   -201.828     63.578    -65.108     66.025
      1.714   -275.575    487.014   -197.069     69.988    -68.242     66.873
      1.785   -270.587    482.119   -192.133     73.807    -69.135     68.162
      1.857   -265.427    477.270   -187.315     76.771    -71.903     69.467
      1.928   -260.032    472.146   -182.153     77.982    -70.881     70.997
      2.000   -254.420    467.033   -177.261     79.311    -73.353     71.503
      2.071   -248.716    461.651   -172.150     81.618    -77.853     72.466
      2.142   -242.651    456.007   -167.017     84.151    -81.335     75.254
      2.214   -236.330    450.145   -161.764     85.923    -82.568     74.004
      2.285   -230.092    444.389   -156.658     90.348    -84.263     71.716
      2.357   -223.995    438.140   -151.064     92.434    -87.660     71.408
      2.428   -217.599    431.698   -145.704     89.705    -91.722     71.346
      2.500   -211.175    425.088   -140.457     91.211    -94.631     73.153
      2.571   -204.662    418.259   -135.168     92.856    -96.488     73.936
      2.642   -198.107    411.242   -129.780     91.253    -96.540     73.564
      2.714   -191.413    404.204   -124.480     92.870    -98.845     73.100
      2.785   -184.533    396.959   -119.110     93.986   -102.053     76.988
      2.857   -177.800    389.604   -113.566     96.495   -104.213     77.354
      2.928   -170.881    382.001   -107.939     95.874   -105.768     77.158
      3.000   -163.829    374.137   -102.281     96.864   -111.338     79.599
      3.071   -156.724    365.918    -96.370     97.658   -112.704     82.887
      3.142   -149.330    357.470    -90.375    101.441   -118.938     83.558
      3.214   -142.026    348.791    -84.307    102.787   -121.866     83.625
      3.285   -134.456    339.746    -78.223    107.228   -130.070     87.452
      3.357   -127.547    330.778    -71.807    112.195   -134.279     86.400
      3.428   -118.776    320.123    -65.387    113.341   -144.925     88.253
      3.500   -110.562    309.513    -59.231    119.245   -158.332     87.460
      3.571   -102.057    297.829    -52.993    116.906   -169.736     90.339
      3.642    -93.466    285.375    -46.920    122.861   -182.883     86.622
      3.714    -84.410    271.683    -41.131    124.345   -200.688     82.364
      3.785    -75.738    256.193    -34.917    122.870   -226.948     70.977
      3.857    -66.474    239.150    -30.995    122.896   -260.235     53.356
      3.928    -58.444    219.148    -28.238     96.039   -299.594     13.183
      4.000    -53.564    197.828    -29.500     42.445   -285.140    -53.016
      4.071    -51.602    179.822    -35.191     18.750   -232.686    -69.002
      4.142    -50.680    165.337    -39.965     21.041   -186.377    -59.201
      4.214    -49.462    153.340    -43.618     26.465   -159.806    -41.515
      4.285    -48.084    142.943    -46.060     27.798   -135.982    -25.960
      4.357    -46.693    133.955    -47.230     26.380   -115.338    -14.801
      4.428    -45.545    126.323    -47.893     22.399    -99.893     -4.523
      4.500    -44.457    119.925    -48.204     23.729    -83.067      0.214
      4.571    -43.258    114.450    -48.187     19.619    -67.658      4.649
      4.642    -41.888    108.942    -46.716     15.147    -54.537      9.112
      4.714    -40.770    105.474    -45.961     14.992    -43.839     14.263
      4.785    -39.781    102.888    -45.079     13.009    -32.744     14.933
      4.857    -38.681    100.987    -43.941     16.397    -22.298     16.732
      4.928    -37.542     99.909    -42.790     17.053    -11.464     17.522
      5.000    -36.144     99.468    -41.602     19.411     -4.011     21.755
      5.071    -34.727     99.494    -40.001     20.124      4.976     24.413
      5.142    -33.117    100.169    -38.249     22.924     13.845     27.897
      5.214    -31.284    101.385    -36.205     27.104     19.607     33.602
      5.285    -29.414    103.097    -33.765     26.634     28.545     37.542
      5.357    -27.218    105.515    -31.111     30.340     37.066     42.080
      5.428    -24.987    108.521    -27.996     34.204     48.242     45.783
      5.500    -22.455    112.281    -24.627     37.578     55.709     52.090
      5.571    -19.747    116.898    -20.725     44.132     70.278     58.800
      5.642    -16.604    122.545    -16.352     49.108     87.253     68.403
      5.714    -13.015    129.649    -11.340     60.686    110.515     80.006
      5.785     -8.295    138.708     -5.092     80.918    147.039     98.885
      5.857     -0.523    150.709      3.238    197.121    148.434    134.188
      5.928     10.502    156.781      9.179    119.901     20.557     64.166
      6.000     17.617    157.899     12.178     50.894     -6.577     39.228
      6.071     21.846    156.392     13.975      8.352    -21.276     22.183
      6.142     23.814    152.800     15.346    -14.478    -50.914      8.288
      6.214     24.167    147.127     16.030    -52.236   -116.089    -21.173
      6.285     24.743    141.271     15.968     56.110      0.599     50.145
      6.357     27.438    139.780     17.980     36.360     -8.436     50.783
      6.428     29.542    138.312     20.046     29.258    -28.029     41.015
      6.500     28.524    136.541     21.877     36.421    -34.517     31.420
      6.571     32.836    134.260     24.292     37.692    -25.695     49.206
      6.642     34.603    132.729     26.937     41.891    -26.811     43.337
      6.714     37.107    131.138     29.794     42.450    -26.782     42.112
      6.785     40.397    129.190     32.181     37.038    -34.541     31.062
      6.857     43.394    127.019     34.244     39.409    -32.481     31.557
      6.928     44.605    125.502     36.371     38.340    -33.917     27.083
      7.000     47.023    123.261     38.292     40.851    -33.958     26.996
      7.071     49.370    120.698     40.143     34.331    -34.881     14.836
      7.142     52.074    118.257     41.993     34.543    -30.669     15.080
      7.214     54.495    116.186     43.628     33.376    -27.956     14.375
      7.285     56.974    114.183     45.275     34.411    -29.560     14.631
      7.357     59.609    112.338     46.912     36.271    -25.130     18.952
      7.428     62.106    110.666     48.486     34.522    -22.425     19.511
      7.500     64.858    109.020     50.051     37.147    -22.660     22.666
      7.571     67.459    107.506     51.559     35.680    -22.652     24.832
      7.642     70.143    106.134     53.204     34.790    -21.149     20.906
      7.714     72.688    104.508     54.678     31.689    -19.776     21.569
      7.785     75.409    103.256     56.010     33.487    -16.186     20.095
      7.857     78.068    101.987     57.489     32.382    -18.747     19.963
      7.928     80.679    100.444     59.030     32.792    -20.700     16.590
      8.000     83.337     99.139     60.690     34.055    -18.064     21.121
      8.071     85.876     97.815     62.473     34.330    -18.658     22.307
      8.142     88.066     96.589     64.283     33.064    -16.571     24.519
      8.214     90.451     95.423     66.092     34.614    -15.829     25.971
      8.285     92.709     94.130     68.164     35.662    -20.846     31.119
      8.357     95.016     92.670     70.312     36.993    -20.305     35.549
      8.428     97.377     91.171     72.268     37.490    -24.061     32.398
      8.500     99.797     89.377     74.301     34.481    -28.386     32.645
      8.571    102.492     87.424     76.395     35.909    -28.439     29.939
      8.642    105.039     85.377     78.157     33.657    -33.604     23.441
      8.714    107.528     83.173     79.978     29.519    -31.368     25.147
      8.785    109.749     81.313     81.938     32.617    -28.085     23.336
      8.857    112.203     79.290     83.652     32.070    -29.248     20.808
      8.928    114.262     77.319     85.282     31.941    -27.374     21.873
      9.000    116.454     75.356     87.056     32.240    -26.131     19.748
      9.071    118.491     73.344     88.576     29.252    -24.541     21.645
      9.142    120.554     71.400     90.327     30.609    -25.175     21.156
      9.214    122.522     69.394     91.907     29.436    -25.172     18.724
      9.285    124.427     67.266     93.265     31.417    -26.380     19.595
      9.357    126.452     65.447     94.674     31.164    -26.459     21.885
      9.428    128.445     63.669     96.071     27.179    -25.431     21.667
      9.500    130.358     62.189     97.386     24.900    -20.838     19.925
      9.571    132.283     60.755     98.869     25.170    -14.668     22.326
      9.642    134.416     59.768    100.376     29.034    -13.303     23.090
      9.714    136.659     58.721    102.175     31.622    -13.281     23.716
      9.785    139.051     57.820    104.126     33.030    -14.509     25.274
      9.857    141.664     56.962    106.262     33.899    -18.716     25.561
      9.928    144.026     55.789    108.237     32.746    -20.219     30.214
     10.000    146.468     54.783    110.557     36.615    -20.512     31.462
     10.071    148.974     53.486    112.679     33.383    -19.294     31.893
     10.142    151.465     52.214    114.813     31.235    -18.138     33.267
     10.214    154.085     50.920    116.811     34.162    -19.132     30.513
     10.285    156.723     49.384    118.956     34.411    -19.606     29.337
     10.357    159.508     47.746    121.222     36.289    -19.899     28.170
     10.428    162.145     46.032    123.129     34.845    -24.988     27.974
     10.500    164.803     44.040    125.532     33.084    -31.673     25.714
     10.571    167.002     41.989    127.563     31.946    -31.029     19.606
     10.642    169.305     40.023    129.298     28.816    -29.804     19.376
     10.714    171.181     38.082    130.851     31.246    -25.908     17.224
     10.785    173.136     36.358    132.221     26.733    -22.142     19.985
     10.857    174.716     34.553    133.596     28.289    -18.632     19.065
     10.928    176.308     32.950    134.843     27.791    -16.848     21.526
     11.000    178.073     31.555    136.157     30.213    -15.464     24.786
     11.071    179.951     30.293    137.650     31.871    -16.817     26.649
     11.142    181.797     28.856    139.153     29.782    -20.128     27.697
     11.214    183.927     27.444    140.689     29.178    -18.625     29.458
     11.285    186.166     26.219    142.408     29.180    -17.694     27.197
     11.357    188.464     25.047    144.099     30.536    -20.370     27.871
